125
1 1 2 2
2 2 2 2
3 3 2 2
5 5 2 2
6 6 2 2
7 7 2 2
9 9 2 2
10 10 2 2
11 11 2 2
14 14 2 2
15 15 2 2
17 17 2 2
18 18 2 2
2 2 3 3
4 4 3 3
7 7 3 3
10 10 3 3
15 15 3 3
18 18 3 3
2 2 4 4
4 4 4 4
7 7 4 4
10 10 4 4
14 14 4 4
17 17 4 4
2 2 5 5
4 4 5 5
7 7 5 5
10 10 5 5
1 1 6 6
2 2 6 6
3 3 6 6
5 5 6 6
6 6 6 6
7 7 6 6
9 9 6 6
10 10 6 6
11 11 6 6
1 1 8 8
2 2 8 8
3 3 8 8
5 5 8 8
6 6 8 8
7 7 8 8
9 9 8 8
10 10 8 8
11 11 8 8
13 13 8 8
14 14 8 8
15 15 8 8
3 3 9 9
5 5 9 9
7 7 9 9
9 9 9 9
11 11 9 9
15 15 9 9
1 1 10 10
2 2 10 10
3 3 10 10
5 5 10 10
7 7 10 10
9 9 10 10
11 11 10 10
14 14 10 10
1 1 11 11
5 5 11 11
7 7 11 11
9 9 11 11
11 11 11 11
13 13 11 11
1 1 12 12
2 2 12 12
3 3 12 12
5 5 12 12
6 6 12 12
7 7 12 12
9 9 12 12
10 10 12 12
13 13 12 12
14 14 12 12
15 15 12 12
1 1 14 14
3 3 14 14
5 5 14 14
6 6 14 14
7 7 14 14
9 9 14 14
13 13 14 14
18 18 14 14
1 1 15 15
3 3 15 15
5 5 15 15
9 9 15 15
13 13 15 15
17 17 15 15
19 19 15 15
1 1 16 16
2 2 16 16
3 3 16 16
5 5 16 16
6 6 16 16
7 7 16 16
9 9 16 16
13 13 16 16
17 17 16 16
19 19 16 16
1 1 17 17
3 3 17 17
5 5 17 17
9 9 17 17
13 13 17 17
17 17 17 17
19 19 17 17
1 1 18 18
3 3 18 18
5 5 18 18
6 6 18 18
7 7 18 18
9 9 18 18
10 10 18 18
11 11 18 18
13 13 18 18
14 14 18 18
15 15 18 18
18 18 18 18